4491.1899
3975.7773
37.8828
18.0203
41.1076
904.8239
27.8565
93.4499
5292.8892
5357.9199
16.5298
14.0058
11.0029
16.924
181.1053
30.8488
71.4396
28.5521
84.4712
61.483
47.0501
49.3082
220.4417
10.1508
222.315
40.1223
180.3269
62.8603
63.2857
89.818
85.2506
90.0216
267.4234
24.8826
80.7371
48.0879
51.7779
74.4331
18.0852
21.7789
13
3.3028
6.1424
1.5575
6.9775
47.1071
13.729
8.8268
73.6786
83.5334
100.1257
85.2672
49.6266
41.8978
81.3956
20.1506
37.6201
29.9606
26.8223
24.8675
20.0108
23.8101
21.5707
26.9429
23.0566
20.8383
23.7999
1682.72
1825.4622
2357.1782
21.0389
17.4
19.6055
5.3829
13.2466
15.9479
14.437
16.6312
19.0194
20.1492
17.1672
19.272
13.1316
13.5886
14.467
13.0959
15.6166
24.0059
8.7282
23.5999
15.8463
12.8662
15.5677
14.1293
22.8724
15.8083
21.7892
245.243
252.0685
260.7569
293.454
185.3148
208.7582
58.4223
2057.6633
81.5177
57.3569
56.8716
51.722
3148.6492
731.9915
510.8744
801.0001
863.8192
850.7172
1248.8137
4759.6826
25.9297
45.9999
179.8319
2571.8701
4535.3345
145.599
27.2478
27.6634
21.7034
17.1975